#
1
0
1
0
0
5
0
0
1
0
0
5
#
1
1
2
3
2
3
5
1
2
3
2
4
4
#
1
6
4
2
0
1
0
#
2
8
4
2
4
2
3
#
4
8
1
0
1
#
5
9
2
2
3
2
3
#
6
9
1
#
7
11
4
2
4
2
4
#
7
10
4
2
#
7
9
0
5
#
8
9
4
2
4
2
1
0
1
0
1
0
1
0
#
9
11
0
1
0
1
0
0
#
1
4
2
1
#
2
5
4
2
4
2
4
2
#
4
4
0
5
4
3
4
#
8
7
5
0
#
7
6
4
3
4
3
4
2
4
4
3
#
7
4
4
5
0
2
3
2
4
2
0
1
#
7
2
0
5
0
5
0
0
1
0
5
#
11
1
5
1
#
9
1
2
3
2
3
1
#
9
3
2
2
4
#
11
5
0
1
#
10
9
4
4
2
4
#
11
8
0
1
0
1
0
1
#
14
10
2
4
2
4
2
1
2
#
16
13
0
#
17
11
2
4
#
18
9
1
5
1
5
#
17
10
3
#
14
9
0
5
0
#
13
6
1
0
1
X